50
50 188 838 957 1431 1570 1859 1883 1931 2320 2332 2563 2582 2594 2856 2974 2981 3122 3200 3237 3299 3399 3712 3741 3986 4076 4298 4378 4662 4846 4955 5305 5627 5802 5817 6107 6170 6847 6939 7067 7230 7581 7807 7870 7931 7995 8592 8634 9285 9564 9953 
50 197 221 292 361 736 822 919 957 968 984 1124 1230 1309 1318 1416 1864 1981 2555 2556 2686 2796 2895 3039 3242 3869 4153 4937 5039 5240 5257 5460 5728 5729 6061 6081 6192 6326 6415 6477 6528 6707 7202 7436 7863 7978 8331 8472 8511 8581 9904 
50 63 101 108 143 308 318 539 705 844 932 1205 1298 1405 1729 1735 1866 1886 2018 2261 2700 2747 2960 3145 3165 3191 3521 3863 4028 4285 4636 4879 5227 5273 5282 5576 5883 6176 6396 6527 6588 7155 7643 7650 8247 8290 8580 8681 8898 9086 9232 
50 19 222 331 532 641 826 1025 1607 2200 2309 2832 3342 3569 3736 3795 3830 3919 4051 4070 4144 4367 4533 4843 5039 5128 5585 6007 6074 6151 6196 6357 6513 6583 7106 7217 7230 7247 7580 7590 7602 7891 7949 8005 8099 8922 8977 9009 9033 9318 9585 
50 254 289 417 743 784 847 886 1071 1237 1245 1630 1853 1933 1949 1985 2059 2316 3002 3153 3306 3328 3409 4116 4132 4161 4475 4500 5614 5719 5850 5879 6004 6356 6531 7126 7294 7324 7364 8130 8249 8275 8363 8544 8581 8916 9067 9158 9159 9347 9621 
50 70 71 84 250 278 368 555 1096 1142 1375 1412 1567 2076 2091 2091 2521 2541 2657 2873 3017 3171 3222 3271 3295 3363 3599 4097 4145 4321 4849 5055 5532 5834 6114 7015 7015 7079 7257 7836 8207 8561 8963 9039 9304 9368 9439 9461 9821 9897 9962 
50 27 99 128 204 358 474 549 594 806 860 886 930 1036 1092 1145 1383 1500 1599 1974 2009 2265 2417 2671 2830 3393 3537 3668 3877 4145 4426 5686 5740 6020 6266 6638 6681 6702 6771 6953 7087 7097 7151 7239 7281 7354 7397 8555 9620 9636 9737 
50 90 120 170 663 705 928 999 1165 1393 1488 1518 1535 1878 2014 2841 3187 3276 3509 3533 3535 3682 3869 3879 3913 3982 4190 4197 4572 4641 4741 4783 4863 5097 5218 5382 5808 5958 6534 6903 7054 7366 7396 7547 8057 8077 8166 8577 8586 8773 9172 
50 12 20 31 274 394 512 555 607 746 918 945 963 1164 1337 1439 1839 1974 2060 2190 2262 2554 2740 2984 3174 3188 3887 4801 5189 5484 5645 5928 6063 6202 6656 6950 6962 7078 7167 7245 7403 7542 7543 7982 8822 9162 9315 9326 9423 9588 9625 
50 244 491 527 767 790 900 967 1119 1159 1299 1312 1358 1707 1848 1996 2021 2239 2490 2765 3112 3134 3604 3672 3947 4016 4319 4536 4600 4692 4819 5052 5321 5664 6056 6162 6384 6465 6813 7318 7555 8038 8175 8508 8642 8734 8862 8922 8950 9110 9377 
50 338 460 725 778 1037 1070 1144 1461 2170 2337 2375 2387 2397 2421 2545 3009 3076 3465 3595 3986 4245 4337 4702 4935 5128 5129 5226 5375 5872 6812 7093 7334 7393 7399 7418 7746 7834 7854 7916 8027 8059 8403 8459 8539 8694 8789 9014 9165 9391 9406 
50 2 472 481 493 576 617 621 638 917 918 1173 1764 1821 1929 2290 2460 2513 2586 2667 3011 3079 3136 3243 3880 3941 4111 5097 5549 5894 5905 6736 6736 6770 6810 7018 7043 7058 7459 7477 7651 7857 8243 8426 8534 8605 8740 9649 9746 9986 9989 
50 161 411 431 532 880 882 951 1016 1116 1213 1721 1962 2000 2006 2324 2356 2405 2487 2508 2603 2768 2772 3489 3889 4067 4334 4534 5205 5973 6093 6182 6253 6472 6535 6750 6903 7063 7121 7411 7485 8153 8209 8282 8463 8551 8753 9243 9500 9658 9995 
50 1079 1219 1269 1317 2306 2362 2738 2753 2755 2875 2909 2976 3037 3050 3216 3288 3579 3596 3904 4170 4184 4239 4300 4440 4461 4680 4859 4938 5141 5200 5279 6060 6135 6188 6692 6692 7026 7034 7283 7326 7326 7746 7892 8253 8354 8527 9237 9424 9474 9809 
50 0 15 33 41 58 293 304 437 475 526 823 995 1742 1849 1880 1923 2026 2134 2411 2451 2487 2711 2881 3028 3059 3256 3910 3988 3993 4274 4323 5001 5181 5772 5785 6091 6140 6295 6383 6387 6688 6744 7073 7228 7521 7910 8881 9018 9408 9422 
50 81 201 215 242 308 435 744 761 876 956 1321 1446 1547 1671 2071 2138 2143 2277 2280 2593 2825 2856 3161 3604 4300 4525 4542 4547 4837 4930 5308 5675 5684 5780 5929 6317 6481 6649 7247 7422 7590 7838 7923 8180 8225 8291 8682 8806 9270 9280 
50 48 130 144 165 360 453 553 611 758 798 1176 1278 1589 2327 2355 2529 2874 2921 3167 3846 4014 4361 4377 4425 4448 5142 5502 5609 5616 5676 5834 6374 6512 6741 6873 7332 8003 8134 8323 8457 8587 8843 8894 9212 9382 9394 9550 9633 9639 9713 
50 22 29 163 750 1176 1230 1427 1539 1554 1880 2612 2760 3557 4067 4129 4303 4494 4905 4948 5252 5324 5498 5626 6011 6013 6229 6398 6556 6796 7002 7348 7875 7987 7992 8138 8189 8216 8323 8376 8389 8739 8902 9073 9537 9619 9756 9796 9827 9943 9997 
50 42 244 687 696 789 821 998 1276 1343 1393 1438 1555 1581 1749 1828 1841 1860 2250 2290 2300 2447 2635 2825 3533 3792 4201 4272 4851 5068 5256 5537 5659 5726 5755 5852 6200 6856 8175 8216 8299 8386 8689 8744 9006 9008 9081 9404 9658 9705 9811 
50 81 440 888 973 1405 1711 1769 1938 2099 2202 2259 2301 2449 2611 2670 2861 3744 3902 3904 4046 4181 4230 4466 4673 5443 5489 5505 5563 6330 6384 6592 6602 6680 6745 6746 6836 6885 6952 7049 7367 7373 7763 7996 8207 8394 8504 9100 9138 9924 9972 
50 8 281 402 563 846 936 1237 1309 1513 1761 2059 2074 2086 2172 2476 3149 3285 3316 3321 3361 3532 3718 3962 4315 4560 4581 5057 5133 5314 5428 5604 5802 6201 6413 6511 6812 6864 6893 7038 7274 7652 7727 8032 8118 8499 9042 9221 9230 9427 9519 
50 40 40 301 821 835 945 946 1054 1147 2074 2128 2603 2840 3041 3120 3380 3812 4100 4337 4454 4610 4838 4845 4849 5257 5626 5778 5926 5951 6111 6362 6441 7231 7404 7498 7564 7625 7666 7728 7781 7896 7988 8534 8764 8778 9099 9132 9715 9925 9981 
50 27 279 395 449 802 967 1131 1208 1209 1620 1822 2001 2070 2520 2780 3634 3810 4131 4139 4970 4999 5165 5226 5314 5455 5475 5490 5645 5980 6361 6739 6970 7162 7201 7213 7426 7444 7737 7870 8074 8142 8250 8839 8917 8943 9011 9167 9766 9787 9854 
50 35 102 105 450 507 558 586 920 1048 1527 1563 1623 1743 1787 1971 2027 2115 2332 2365 2668 2684 2809 2937 3453 3559 4338 4695 5148 5170 5584 5622 5909 5912 6355 6368 6801 7081 7181 7277 7574 7998 8477 8519 8556 8757 8945 8982 9098 9412 9570 
50 389 574 790 837 1344 1727 1748 1806 2511 2722 2807 2984 3155 3246 3416 3658 3819 3867 3975 4069 4183 4260 4285 4332 4531 4637 4699 4840 5105 5306 5387 5823 6034 6304 6993 7174 7239 7482 7497 7623 7693 8097 8174 8564 8608 8630 9379 9575 9779 9819 
50 489 521 734 868 933 994 1049 1066 1081 1509 2070 2093 2331 2403 2952 3105 3162 3840 3860 3978 4343 4505 4563 5077 5230 5257 5276 5294 5400 5521 5688 5715 5867 6224 6327 6746 6800 6962 7290 7781 8087 8301 8619 8722 9103 9260 9317 9426 9671 9860 
50 478 654 754 1340 1448 1489 1532 1623 1634 1779 1779 1961 2062 3270 3322 3455 3460 3677 3805 4334 4496 4554 4648 4815 5180 5286 5473 6110 6398 6448 6487 6606 6914 6928 6946 6998 7000 7386 7398 7451 7543 7567 7744 7814 8251 8253 8473 8637 9202 9760 
50 98 294 527 531 1219 1275 1405 1482 1597 2044 2387 2626 2896 3510 3733 3757 3853 4237 4426 4584 4657 4685 4747 4915 5058 5170 5207 5254 5263 5309 5424 5547 5858 5959 6906 7207 7227 7491 7542 7695 7795 8036 8693 8837 9130 9490 9529 9638 9690 9989 
50 484 737 739 951 1377 1648 1681 1852 1874 2003 2076 2258 2422 2437 2445 2563 2603 2609 2724 2818 3179 3357 3379 3465 4239 4403 4614 5066 5467 6049 6067 6626 7215 7272 7291 7360 7805 7912 7965 7968 7991 8517 8910 9032 9112 9144 9160 9499 9509 9636 
50 63 412 470 554 770 775 822 936 971 1022 1163 1165 1280 1386 1387 1645 1676 1707 2143 2230 2439 2510 2595 2625 2654 2883 3129 4131 4206 4364 4588 5177 5583 6873 6904 7051 7162 7166 7259 7344 7510 7924 8067 8110 8246 8292 8645 9074 9280 9498 
50 134 480 541 588 595 909 1048 1230 1256 1977 2055 2149 2214 2596 3008 3252 3266 3283 3387 3471 3591 3660 3729 3939 4267 4414 4525 4634 4966 5416 5669 5877 6015 6121 6169 6239 7225 7370 7431 7718 7861 8226 8227 8555 8616 8773 9281 9739 9805 9965 
50 318 341 404 529 621 1244 1434 1440 1486 1559 1735 1761 1963 2117 2316 2673 2759 2780 3484 3553 3563 3604 3670 4004 4155 4207 4805 5220 5390 5443 5609 5630 5695 6096 6287 6404 6621 6956 6994 7344 7636 8084 8503 8593 9095 9155 9305 9458 9678 9736 
50 96 182 290 790 957 1242 1270 1519 1538 1540 1681 1771 2412 2436 2544 2636 3046 3128 3237 3237 3481 3843 3866 3986 4223 4234 4805 4927 5496 5648 5943 5960 6090 6273 6564 6568 6966 7123 7358 7551 7670 7789 8144 8206 8826 8965 9331 9437 9704 9863 
50 138 211 393 473 522 647 687 700 921 934 1044 1129 1233 1243 1339 1578 1594 1948 2097 2288 2380 2426 3116 3297 3469 3481 3579 3792 4210 4717 4760 4887 5256 5384 5439 6187 6213 6392 6791 7145 7315 7378 7708 7960 8908 9050 9267 9310 9528 9638 
50 91 359 387 658 738 816 1250 1301 1624 1640 1821 1917 2554 2770 2835 3195 3218 3254 3485 3507 3687 3702 3925 4106 4599 4614 4680 4974 5255 5266 5672 5788 5813 5895 6022 6293 6307 6337 6395 7457 7491 7761 7908 8838 9185 9369 9475 9552 9711 9906 
50 227 447 516 712 809 837 881 892 1083 1160 1378 1624 1731 1849 2360 2360 2496 2764 2765 2866 3130 3660 3789 3979 4110 4573 4745 4980 5137 5161 5342 5795 6554 6766 6872 7148 7476 7573 7590 7917 8448 8459 8789 9111 9194 9328 9379 9409 9763 9790 
50 41 84 184 791 831 1424 1425 1429 1602 1651 1807 1976 2071 2173 2337 2353 2421 2475 2505 2607 2748 2798 3346 3536 4302 4589 4818 4838 5105 5319 5504 5804 6066 6238 6780 6858 6869 7493 7500 7518 7797 7846 8147 8244 8560 8664 8730 8766 9129 9822 
50 188 450 1086 1150 1165 1404 1548 1618 1766 1856 1964 1980 1983 2516 2569 2898 2918 3451 3613 3662 3888 3889 4012 4087 4114 4218 4248 4526 4673 4818 4900 4939 5015 5077 5501 5518 5557 5928 6263 6446 7020 7048 7638 7873 8350 8388 8811 8935 9450 9809 
50 242 535 658 727 1035 1052 1191 1570 1574 1800 2242 2627 3285 3395 3446 3517 3560 3752 3877 3928 4124 4233 4404 4625 4733 4747 4793 5147 5360 5572 5669 5740 5793 6438 6796 6823 6932 7009 7087 7331 7703 7855 8031 8311 8465 8615 9235 9375 9432 9523 
50 2 19 188 414 651 774 1013 1261 1566 1734 1745 1826 1970 2035 2395 2471 2635 2649 3185 4477 4586 4629 4909 5051 5254 5255 5329 5423 5620 5763 5869 5906 6030 6352 6783 6807 6882 7226 7260 7364 7464 7674 7893 8067 8334 8476 8813 9292 9674 9790 
50 167 212 370 454 1255 1655 1972 1974 2120 2234 2721 2769 3239 3534 3548 3790 3799 3816 3841 4022 4770 4857 5119 5244 5397 5682 5808 5862 5917 6122 6211 6436 6507 6698 6840 7214 7321 7357 7894 7985 8583 8604 8856 8867 9170 9329 9379 9477 9529 9543 
50 529 795 963 1006 1076 1099 1234 1390 1604 1685 1800 1865 1881 1885 1947 2627 2641 2681 2903 2971 3030 3239 3244 3527 3622 3835 4479 4550 4988 5277 5302 5652 5795 5817 5864 5878 6063 6105 6361 6421 6860 6873 7058 7201 7232 7449 8702 9172 9261 9788 
50 33 174 204 347 372 477 584 656 966 1133 1786 1837 2156 2235 2286 2846 2932 3049 3168 3212 3342 3889 4049 4177 4327 4358 4488 4628 5117 5513 6942 6969 7020 7152 7208 7447 7554 7568 7579 7584 7770 7895 8561 8781 8820 9449 9537 9647 9839 9975 
50 155 252 388 507 868 1091 1232 1347 1362 1403 1539 1737 1850 1851 1969 2025 2152 2218 2288 2432 2528 2864 3008 3443 3511 3584 3998 4071 4549 4580 4665 5008 5064 5209 5507 6041 6089 6357 6376 6739 7352 7483 8196 8264 8490 8579 8596 8782 9408 9515 
50 37 119 143 815 827 867 913 1036 1152 2107 2153 2179 2201 2537 2580 3002 3544 3568 3750 4018 4949 4990 5205 5768 5780 5798 6037 6616 6751 6820 6893 6902 7003 7010 7168 7432 7839 7868 8344 8345 8901 8959 9061 9063 9299 9316 9335 9421 9592 9815 
50 94 116 248 639 984 1022 1045 1058 1112 1179 1424 1536 1554 2053 2136 2729 2851 3163 3985 4075 4606 4891 4922 5310 5330 5356 5859 6144 6334 6391 6682 7002 7159 7206 7358 7366 7526 7536 7672 7707 7902 7946 8342 8471 9117 9274 9712 9864 9897 9941 
50 143 425 468 484 641 803 1172 1735 1909 1976 2063 2168 2296 2350 2677 2750 2757 2974 2977 3191 3312 3578 3581 3589 3982 4003 4062 4067 4238 4417 4599 4832 4857 5246 5326 5887 5960 6332 6512 8133 8241 8250 8572 8651 8766 8944 9278 9318 9563 9683 
50 543 600 730 770 969 1132 1576 1686 1729 1767 1869 1944 1993 2390 3079 3135 3164 3734 3860 3972 4102 4401 4551 4620 5017 5060 5063 5115 5221 5559 5634 5742 5877 5937 5966 6100 6187 6624 7125 7415 7974 8153 8479 8613 8809 8986 9606 9707 9734 9828 
50 286 635 675 711 1008 1156 1180 1240 1270 1279 1329 1403 1640 1895 2261 2279 2289 2387 2547 2838 3094 3244 3371 3608 3696 3790 3846 4143 4364 4587 4975 5217 5443 5552 6373 6405 6975 7244 7541 7678 8413 8824 8858 9423 9488 9611 9678 9681 9776 9966 
50 47 175 588 607 860 1030 1045 1177 1469 1716 2118 2321 2399 2449 2496 2549 2671 2701 3174 3314 3479 3654 4247 4268 4611 4709 5358 5635 5880 5950 6203 6280 6924 6924 7129 7248 7261 7527 7702 7726 7946 8014 8365 8467 8544 8733 8878 9107 9320 9653 
