8
20 1
10 0 0 0 0 0 0 0 0 0 20 20 20 20 20 20 20 20 20 10
22 100
1000 1000 1000 1000 2000 1000 150 3000 2000 2010 2020 390 1000 1200 500 0 0 0 0 0 0 1000
50 100
1000 0 2000 0 2000 0 2000 1500 0 0 0 1000 1500 10 20 30 40 50 60 200 210 220 230 240 250 300 500 1000 1000 1000 1000 2000 1000 150 3000 2000 2010 2020 390 1000 1200 500 0 0 0 0 0 0 0 1000
2 0
5 5
20 0
10 11 12 13 10 9 5 6 7 10 5 6 9 8 10 2 0 1 12 10
20 100
1000 0 2000 0 2000 0 2000 1500 0 0 0 1000 1500 10 20 30 40 50 60 1000
10 10
100 110 130 0 150 200 26 35 49 220
72 34404468
18304379 252720300 522425670 44000646 789506183 610765340 272938389 11125501 519585177 828100313 639383896 388890189 752019760 967831502 789380552 740350384 53748694 870623221 948108825 881005689 963776374 875399205 254635641 670996373 385092650 973325651 314498365 338864021 594010136 378993470 587983190 930656234 291998077 355256140 770133927 721320361 157318828 11968113 616379736 199744716 167249346 713908532 246770795 544469821 556396963 679463720 822163220 344006903 652594617 329180828 627295880 683863937 989088020 952094440 18553016 621794506 30203475 297766577 398308913 503448333 567411397 773270164 363101382 532516451 343677684 26884388 439483425 502628060 746221025 834060130 369253072 622670311 